PL06041607_1	PL06041607_0
1786	2009.60250812405
1783	2009.59273741568
1785	2009.58296680232
1786	2009.56993946564
1786	2009.56016907398
1790	2009.55039877733
1789	2009.53737186292
1786	2009.52760178795
1788	2009.51783180799
1793	2009.50480531583
1787	2009.49503555754
1785	2009.48526589426
1789	2009.47223982432
1787	2009.4624703827
1786	2009.44944460831
1779	2009.43967538834
1783	2009.42990626337
1786	2009.41688091117
1785	2009.40711200784
1784	2009.39734319951
1786	2009.38431826948
1781	2009.37454968277
1784	2009.36478119105
1783	2009.35175668317
1781	2009.34198841308
1785	2009.32896420069
1784	2009.31919615221
1783	2009.30942819871
1787	2009.29640440844
1787	2009.28663667654
1786	2009.27686903961
1787	2009.26384567144
1783	2009.25407825611
1782	2009.24431093574
1783	2009.23128798964
1783	2009.22152089086
1783	2009.2084982402
1783	2009.19873136299
1785	2009.18896458075
1782	2009.17594235213
1789	2009.16617579145
1788	2009.15640932572
1788	2009.14338751912
1786	2009.13362127495
1787	2009.12385512572
1778	2009.11083374112
1791	2009.10106781345
1783	2009.09130198071
1786	2009.07828101809
1784	2009.06851540689
1784	2009.05549473964
1785	2009.04572934996
1785	2009.03596405523
1781	2009.02294380992
1786	2009.0131787367
1788	2009.00341375841
1785	2008.99039393502
1787	2008.98062917824
1789	2008.97086451638
1782	2008.9578451149
1785	2008.94808067453
1778	2008.93506156837
1783	2008.92529734949
1786	2008.91553322554
1780	2008.90251454124
1785	2008.89275063876
1792	2008.88298683119
1777	2008.86996856874
1782	2008.86020498264
1786	2008.85044149145
1785	2008.83742365083
1786	2008.82766038109
1789	2008.81464283573
1788	2008.80487978744
1787	2008.79511683405
1784	2008.78209971049
1794	2008.77233697853
1780	2008.76257434148
1783	2008.74955763969
1789	2008.73979522405
1784	2008.73003290332
1785	2008.71701662328
1784	2008.70725452395
1779	2008.69749251952
1782	2008.68447666121
1785	2008.67471487818
1788	2008.66169931506
1784	2008.65193775343
1785	2008.64217628667
1785	2008.62916114526
1780	2008.61939989989
1782	2008.60963874939
1782	2008.59662402965
1784	2008.58686310053
1792	2008.57710226628
1780	2008.5640879682
1778	2008.55432735531
1783	2008.54131335237
1784	2008.53155296084
1780	2008.52179266418
1786	2008.50877908286
1786	2008.49901900754
1786	2008.48925902708
1782	2008.47624586736
1783	2008.46648610823
1787	2008.45672644396
1785	2008.44371370582
1787	2008.43395426287
1784	2008.42094181982
1782	2008.41118259819
1794	2008.4014234714
1785	2008.3884114499
1792	2008.37865254442
1787	2008.36889373378
1778	2008.3558821338
1781	2008.34612354446
1783	2008.33636504995
1780	2008.32335387147
1782	2008.31359559825
1782	2008.30383741986
1786	2008.29082666287
1782	2008.28106870575
1781	2008.26805824378
1787	2008.25830050793
1788	2008.24854286691
1785	2008.23553282638
1789	2008.22577540661
1786	2008.21601808167
1782	2008.20300846257
1786	2008.19325135886
1783	2008.18349434998
1789	2008.17048515228
1779	2008.16072836463
1789	2008.14771946191
1785	2008.13796289548
1787	2008.12820642386
1792	2008.11519794251
1789	2008.10544169211
1787	2008.09568553651
1781	2008.08267747651
1780	2008.07292154211
1786	2008.06316570251
1782	2008.05015806385
1786	2008.04040244544
1786	2008.0273951017
1787	2008.01763970448
1780	2008.00788440205
1789	2007.9948774796
1786	2007.98512239835
1784	2007.97536741188
1786	2007.96236091071
1781	2007.9526061454
1786	2007.94285147489
1783	2007.92984539497
1790	2007.9200909456
1792	2007.91033659101
1779	2007.89733093233
1789	2007.88757679888
1786	2007.87457143505
1783	2007.86481752274
1784	2007.8550637052
1783	2007.84205876257
1782	2007.83230516615
1780	2007.8225516645
1788	2007.80954714305
1785	2007.79979386251
1788	2007.79004067674
1784	2007.77703657644
1784	2007.76728361177
1787	2007.75427980627
1783	2007.74452706269
1789	2007.73477441387
1790	2007.7217710295
1793	2007.71201860176
1794	2007.70226626877
1784	2007.6892633055
1779	2007.67951119358
1784	2007.66975917641
1787	2007.65675663422
1784	2007.64700483811
1782	2007.63400259067
1785	2007.62425101562
1785	2007.6144995353
1786	2007.60149770891
1785	2007.59174644964
1783	2007.5819952851
1789	2007.56899387973
1783	2007.55924293622
1785	2007.54949208744
1792	2007.53649110309
1784	2007.52674047533
1791	2007.5169899423
1789	2007.50398937893
1783	2007.4942390669
1786	2007.48123879821
1780	2007.4714887072
1782	2007.46173871089
1781	2007.44873886316
1782	2007.43898908785
1791	2007.42923940725
1793	2007.41623998044
1784	2007.40649052083
1785	2007.39674115592
1780	2007.38374215002
1783	2007.37399300609
1785	2007.36099429482
1785	2007.35124537185
1784	2007.34149654357
1785	2007.32849825318
1779	2007.31874964586
1783	2007.30900113324
1795	2007.2960032637
1780	2007.28625497202
1801	2007.27650677502
1787	2007.26350932632
1792	2007.25376135026
1786	2007.24076419613
1785	2007.231016441
1788	2007.22126878055
1789	2007.20827204722
1781	2007.19852460768
1786	2007.18877726282
1781	2007.17578095027
1784	2007.16603382631
1793	2007.15628679702
1782	2007.14329090524
1785	2007.13354409684
1784	2007.12379738311
1785	2007.11080191207
1789	2007.10105541922
1784	2007.08806024268
1788	2007.07831397071
1784	2007.0685677934
1787	2007.05557303756
1788	2007.04582708112
1791	2007.03608121933
1786	2007.02308688417
1781	2007.01334124324
1778	2007.00359569695
1781	2006.99060178246
1787	2006.98085645701
1785	2006.96786283698
1781	2006.95811773237
1783	2006.9483727224
1783	2006.935379523
1783	2006.92563473385
1783	2006.91589003935
1787	2006.90289726055
1779	2006.89315278686
1786	2006.8834084078
1782	2006.87041604959
1779	2006.86067189134
1782	2006.84767982753
1785	2006.83793589007
1784	2006.82819204723
1786	2006.81520040398
1793	2006.80545678193
1780	2006.7957132545
1783	2006.78272203178
1779	2006.77297872513
1782	2006.76323551309
1790	2006.75024471088
1785	2006.7405017196
1782	2006.73075882294
1786	2006.71776844122
1787	2006.70802576531
1790	2006.69503567793
1782	2006.68529322276
1787	2006.6755508622
1780	2006.66256119528
1782	2006.65281905545
1788	2006.64307701022
1785	2006.63008776373
1790	2006.62034593923
1788	2006.61060420932
1791	2006.59761538325
1788	2006.58787387405
1783	2006.57488534226
1793	2006.56514405377
1785	2006.55540285986
1786	2006.54241474845
1789	2006.53267377524
1778	2006.52293289661
1786	2006.50994520557
1786	2006.50020454762
1783	2006.49046398426
1791	2006.47747671355
1786	2006.46773637086
1790	2006.45474939438
1783	2006.44500927235
1778	2006.4352692449
1787	2006.42228268873
1788	2006.41254288192
1779	2006.40280316969
1786	2006.3898170338
1784	2006.38007754221
1789	2006.37033814518
1786	2006.35735242956
1788	2006.34761325316
1787	2006.33787417132
1791	2006.32488887594
1787	2006.31515001472
1787	2006.30216501351
1782	2006.29242637291
1779	2006.28268782685
1790	2006.26970324585
1785	2006.2599649204
1784	2006.25022668949
1790	2006.23724252868
1786	2006.22750451837
1780	2006.21776660259
1782	2006.20478286195
1788	2006.19504516676
1784	2006.18206172023
1785	2006.17232424561
1781	2006.16258686553
1783	2006.14960383913
1786	2006.13986667961
1789	2006.13012961462
1779	2006.11714700833
1788	2006.1074101639
1788	2006.09767341398
1782	2006.08469122779
1783	2006.07495469842
1782	2006.06197280629
1789	2006.05223649745
1782	2006.04250028313
1781	2006.02951881105
1789	2006.01978281726
1784	2006.01004691797
1786	2005.99706586594
1783	2005.98733018717
1779	2005.9775946029
1785	2005.96461397089
1787	2005.95487860712
1786	2005.94514333786
1785	2005.93216312585
1786	2005.92242807708
1782	2005.90944815905
1786	2005.89971333077
1784	2005.88997859698
1789	2005.87699909891
1784	2005.8672645856
1783	2005.85753016677
1785	2005.84455108865
1785	2005.83481689029
1780	2005.82508278641
1787	2005.81210412821
1785	2005.80237024479
1784	2005.78939188052
1787	2005.77965821755
1785	2005.76992464905
1785	2005.75694670467
1788	2005.74721335661
1779	2005.73748010301
1781	2005.7245025785
1783	2005.71476954533
1785	2005.70503660663
1782	2005.69205950197
1783	2005.68232678368
1786	2005.6693499729
1786	2005.65961747502
1790	2005.6498850716
1785	2005.63690868064
1783	2005.62717649761
1787	2005.61744440904
1783	2005.60446843787
1788	2005.59473656968
1789	2005.58500479594
1784	2005.57202924454
1794	2005.56229769118
1797	2005.55256623226
1785	2005.53959110062
1790	2005.52985986206
1779	2005.51688502423
1783	2005.50715400603
1784	2005.49742308227
1786	2005.48444866416
1781	2005.47471796074
1783	2005.46498735176
1790	2005.45201335335
1792	2005.4422829647
1788	2005.43255267048
1790	2005.41957909174
1783	2005.40984901785
1779	2005.39687573287
1787	2005.38714587929
1784	2005.37741612014
1785	2005.3644432548
1787	2005.35471371595
1788	2005.34498427152
1783	2005.3320118258
1787	2005.32228260166
1788	2005.31255347194
1783	2005.29958144582
1785	2005.28985253638
1789	2005.27688080398
1785	2005.26715211481
1781	2005.25742352005
1792	2005.24445220721
1781	2005.23472383272
1785	2005.22499555262
1793	2005.21202465933
1778	2005.20229659949
1786	2005.19256863405
1782	2005.17959816028
1783	2005.16987041508
1785	2005.16014276427
1784	2005.14717271001
1786	2005.13744527944
1789	2005.12447551882
1782	2005.11474830847
1782	2005.1050211925
1783	2005.09205185136
1778	2005.08232495561
1783	2005.07259815424
1788	2005.05962923254
1788	2005.04990265138
1788	2005.04017616458
1788	2005.02720766232
1788	2005.01748139572
1791	2005.00451318704
1783	2004.99478714063
1781	2004.98506118858
1787	2004.97209339931
1784	2004.96236766744
1780	2004.95264202993
1784	2004.93967466003
1785	2004.92994924268
1783	2004.92022391969
1790	2004.90725696915
1787	2004.89753186632
1789	2004.88780685783
1785	2004.87484032662
1785	2004.86511553829
1787	2004.8521493006
1788	2004.8424247324
1782	2004.83270025854
1782	2004.81973444016
1789	2004.81001018643
1784	2004.80028602704
1790	2004.78732062793
1788	2004.77759668866
1788	2004.76787284372
1786	2004.75490786387
1784	2004.74518423903
1779	2004.73221955265
1790	2004.72249614792
1787	2004.71277283751
1787	2004.69980857036
1786	2004.69008548004
1785	2004.68036248403
1786	2004.66739863609
1778	2004.65767586016
1792	2004.64795317856
1787	2004.63498974979
1779	2004.62526728825
1786	2004.6123041529
1780	2004.60258191142
1784	2004.59285976425
1786	2004.57989704805
1794	2004.57017512093
1784	2004.56045328811
1785	2004.54749099104
1796	2004.53776937826
1787	2004.52804785978
1787	2004.51508598182
1780	2004.50536468336
1783	2004.4956434792
1793	2004.48268202033
1788	2004.47296103619
1785	2004.45999987067
1782	2004.45027910654
1783	2004.44055843669
1784	2004.42759769022
1792	2004.41787724037
1794	2004.40815688481
1796	2004.39519655738
1780	2004.3854764218
1793	2004.3757563805
1806	2004.36279647208
1797	2004.35307665075
1793	2004.34011703564
1793	2004.33039743428
1793	2004.3206779272
1796	2004.30771873106
1794	2004.29799944393
1799	2004.28828025107
1796	2004.27532147389
1800	2004.26560250098
1791	2004.25588362233
1790	2004.24292526409
1800	2004.23320660537
1807	2004.22024854037
1791	2004.21053010159
1793	2004.20081175706
1791	2004.18785411097
1796	2004.17813598636
1798	2004.168417956
1792	2004.15546072879
1798	2004.14574291833
1795	2004.13602520212
1796	2004.12306839378
1785	2004.11335089747
1800	2004.1036334954
1793	2004.09067710589
1787	2004.08095992371
1787	2004.06800382739
1792	2004.05828686508
1790	2004.04856999701
1800	2004.03561431949
1793	2004.02589767129
1796	2004.01618111732
1792	2004.00322585859
1787	2003.99350952447
1803	2003.98379328458
1802	2003.97083844462
1793	2003.96112242457
1792	2003.94816787774
1795	2003.93845207753
1794	2003.92873637154
1787	2003.91578224344
1797	2003.90606675728
1792	2003.89635136533
1795	2003.88339765594
1786	2003.87368248381
1790	2003.86396740588
1793	2003.85101411519
1793	2003.84129925707
1798	2003.82834625945
1802	2003.81863162114
1789	2003.80891707702
1788	2003.79596449805
1799	2003.78625017373
1796	2003.77653594359
1800	2003.76358378327
1798	2003.75386977291
1794	2003.74415585675
1789	2003.73120411504
1785	2003.72149041864
1794	2003.71177681643
1794	2003.69882549332
1792	2003.68911211087
1790	2003.67616108077
1791	2003.66644791806
1792	2003.65673484954
1790	2003.643784238
1793	2003.63407138921
1792	2003.6243586346
1799	2003.6114084416
1794	2003.60169590672
1791	2003.591983466
1792	2003.57903369152
1797	2003.56932147053
1786	2003.55637198901
1793	2003.54665998772
1793	2003.53694808059
1786	2003.52399901756
1799	2003.51428733013
1794	2003.50457573686
1794	2003.4916270923
1789	2003.48191571872
1796	2003.47220443929
1800	2003.45925621317
1795	2003.44954515342
1802	2003.4365972202
1794	2003.42688638012
1792	2003.41717563419
1791	2003.40422811939
1797	2003.39451759311
1791	2003.38480716098
1795	2003.37186006456
1790	2003.36214985208
1789	2003.35243973373
1789	2003.33949305569
1795	2003.32978315698
1794	2003.3200733524
1796	2003.30712709271
1784	2003.29741750776
1793	2003.28447154091
1792	2003.27476217558
1790	2003.26505290437
1797	2003.25210735583
1795	2003.24239830424
1803	2003.23268934676
1797	2003.21974421652
1792	2003.21003547864
1797	2003.20032683487
1793	2003.18738212291
1790	2003.17767369873
1791	2003.16472927955
1790	2003.15502107496
1795	2003.14531296447
1794	2003.13236896353
1799	2003.12266107262
1786	2003.1129532758
1800	2003.10000969308
1799	2003.09030211583
1790	2003.08059463267
1796	2003.06765146816
1794	2003.05794420455
1786	2003.04500133276
1790	2003.0352942887
1798	2003.02558733872
1795	2003.0126448851
1803	2003.00293815466
1795	2002.99323151829
1790	2002.98028948282
1793	2002.97058306598
1794	2002.96087674322
1798	2002.94793512588
1801	2002.93822902263
1790	2002.92852301345
1798	2002.91558181422
1800	2002.90587602454
1803	2002.89293511797
1801	2002.88322954779
1799	2002.87352407167
1786	2002.86058358317
1810	2002.85087832653
1796	2002.84117316396
1794	2002.82823309352
1795	2002.81852815042
1786	2002.80882330137
1790	2002.79588364896
1782	2002.78617901938
1802	2002.77323965957
1791	2002.76353524944
1790	2002.75383093336
1787	2002.74089199156
1793	2002.73118789492
1795	2002.72148389233
1790	2002.7085453685
1790	2002.69884158534
1792	2002.68913789622
1806	2002.67619979035
1794	2002.66649632066
1786	2002.65355850734
1791	2002.64385525706
1789	2002.63415210081
1789	2002.62121470542
1790	2002.61151176857
1793	2002.60180892576
1788	2002.58887194826
1794	2002.57916932484
1793	2002.56946679544
1789	2002.55653023583
1788	2002.54682792582
1789	2002.53712570982
1804	2002.52418956807
1806	2002.51448757145
1795	2002.50155172219
1802	2002.49184994493
1794	2002.48214826168
1801	2002.46921283025
1803	2002.45951136635
1800	2002.44980999646
1784	2002.43687498284
1790	2002.42717383229
1803	2002.41747277575
1799	2002.40453817992
1791	2002.3948373427
1789	2002.38190303931
1809	2002.37220242142
1787	2002.36250189753
1800	2002.34956801189
1793	2002.33986770731
1801	2002.33016749672
1795	2002.31723402881
1790	2002.30753403753
1794	2002.29783414023
1791	2002.28490109003
1790	2002.27520141202
1792	2002.26226865421
1790	2002.25256919549
1798	2002.24286983075
1792	2002.22993749061
1800	2002.22023834515
1798	2002.21053929366
1787	2002.19760737118
1792	2002.18790853895
1793	2002.17820980069
1792	2002.16527829585
1791	2002.15557977684
1793	2002.1458813518
1787	2002.13295026457
1796	2002.12325205878
1794	2002.11032126387
1791	2002.10062327731
1796	2002.0909253847
1796	2002.07799500738
1795	2002.068297334
1789	2002.05859975457
1795	2002.04566979481
1803	2002.03597243459
1792	2002.02627516833
1800	2002.01334562611
1800	2002.00364857904
1798	2001.99071932909
1799	2001.98102250123
1795	2001.9713257673
1791	2001.95839693486
1800	2001.94870042012
1812	2001.93900399931
1790	2001.92607558435
1803	2001.91637938272
1795	2001.90668327502
1795	2001.89375527753
1795	2001.884059389
1803	2001.87113168372
1796	2001.86143601434
1800	2001.85174043889
1794	2001.83881315105
1807	2001.82911779474
1807	2001.81942253235
1808	2001.80649566192
1801	2001.79680061866
1806	2001.78710566932
1795	2001.77417921628
1793	2001.76448448607
1798	2001.75478984976
1797	2001.7418638141
1803	2001.7321693969
1806	2001.71924365339
1806	2001.7095494553
1806	2001.69985535112
1798	2001.68693002494
1797	2001.67723613986
1794	2001.66754234867
1798	2001.6546174398
1792	2001.6449238677
1799	2001.63523038949
1805	2001.62230589793
1803	2001.61261263879
1814	2001.59968843932
1813	2001.58999539926
1805	2001.58030245307
1810	2001.56737867087
1794	2001.55768594374
1804	2001.5479933105
1809	2001.53506994554
1804	2001.52537753134
1814	2001.51568521101
1798	2001.50276226327
1815	2001.49307016199
1814	2001.48014750629
1804	2001.47045562403
1818	2001.46076383564
1813	2001.44784159714
1815	2001.43815002776
1801	2001.42845855225
1819	2001.41553673092
1808	2001.40584547441
1818	2001.39615431177
1813	2001.38323290758
1810	2001.37354196393
1805	2001.36385111414
1813	2001.35093012708
1830	2001.34123949627
1820	2001.32831880119
1818	2001.31862838936
1807	2001.30893807138
1815	2001.29601779339
1820	2001.28632769438
1834	2001.27663768921
1835	2001.26371782829
1833	2001.25402804207
1846	2001.2443383497
1863	2001.23141890583
1946	2001.2217294324
1975	2001.20881028046
2144	2001.19912102598
2426	2001.18943186532
2691	2001.17651313039
2894	2001.16682418866
3142	2001.15713534076
3136	2001.14421702284
2885	2001.13452839385
2795	2001.12483985869
2678	2001.11192195774
2477	2001.10223364148
2244	2001.08931603241
2098	2001.07962793505
1990	2001.06993993151
1937	2001.05702273938
1892	2001.04733495472
1846	2001.03764726388
1840	2001.02473048867
1835	2001.0150430167
1837	2001.00535563854
1834	2000.99243928024
1852	2000.98275212095
1834	2000.97306505545
1877	2000.96014911403
1914	2000.95046226739
1927	2000.93754661778
1995	2000.92785998999
2094	2000.918173456
2207	2000.90525822324
2279	2000.89557190808
2292	2000.88588568671
2247	2000.87297087078
2215	2000.86328486824
2226	2000.85359895948
2178	2000.84068456036
2105	2000.83099887042
2054	2000.81808476305
2016	2000.80839929192
1998	2000.79871391457
2018	2000.78580022397
2139	2000.77611506543
2149	2000.76643000065
2256	2000.7535167268
2282	2000.74383188081
2256	2000.73414712859
2217	2000.72123427148
2156	2000.71154973803
2147	2000.70186529835
2085	2000.68895285795
2030	2000.67926863704
1973	2000.66635648833
1952	2000.65667248618
1942	2000.64698857778
1970	2000.63407684575
2034	2000.6243931561
2107	2000.61470956021
2264	2000.60179824484
2455	2000.59211486768
2548	2000.58243158426
2645	2000.56952068553
2587	2000.55983762085
2483	2000.54692701375
2459	2000.53724416779
2350	2000.52756141557
2228	2000.51465122508
2096	2000.50496869156
2061	2000.49528625178
1998	2000.48237647788
1922	2000.4726942568
1897	2000.46301212945
1852	2000.4501027721
1843	2000.44042086344
1850	2000.42751179768
1839	2000.41783010771
1855	2000.40814851145
1842	2000.39523986222
1843	2000.38555848464
1840	2000.37587720077
1826	2000.36296896805
1842	2000.35328790284
1851	2000.34360693134
1844	2000.33069911512
1842	2000.32101836227
1857	2000.31133770313
1828	2000.29843030337
1832	2000.28874986287
1843	2000.27584275463
1845	2000.26616253277
1871	2000.2564824046
1908	2000.2435757128
1986	2000.23389580325
2080	2000.2242159874
2233	2000.21130971201
2396	2000.20163011478
2383	2000.19195061123
2370	2000.17904475223
2340	2000.16936546729
2274	2000.15645989976
2192	2000.14678083341
2151	2000.13710186074
2070	2000.12419670957
2007	2000.11451795548
1949	2000.10483929508
1875	2000.09193456025
1881	2000.08225611841
1877	2000.07257777025
1834	2000.05967345174
1843	2000.04999532214
1866	2000.03709129505
1847	2000.027413384
1859	2000.01773556662
1871	2000.00483195582
1858	1999.99515435698
1856	1999.98547685181
1844	1999.97257365727
1841	1999.96289637063
1833	1999.95321917764
1865	1999.94031639934
1845	1999.93063942488
1835	1999.92096254407
1841	1999.908060182
1859	1999.89838351971
1839	1999.88548144898
1850	1999.87580500519
1846	1999.86612865505
1844	1999.85322700051
1852	1999.84355086886
1842	1999.83387483085
1862	1999.82097359249
1852	1999.81129777296
1837	1999.80162204707
1863	1999.78872122486
1827	1999.77904571744
1828	1999.76614518652
1830	1999.75646989757
1845	1999.74679470224
1845	1999.73389458745
1834	1999.72421961058
1830	1999.71454472733
1858	1999.70164502863
1856	1999.69197036382
1861	1999.68229579264
1859	1999.66939651002
1849	1999.65972215726
1852	1999.64682316588
1857	1999.63714903156
1844	1999.62747499085
1838	1999.61457641551
1838	1999.60490259321
1823	1999.59522886452
1832	1999.58233070521
1811	1999.57265719492
1816	1999.56298377824
1822	1999.55008603493
1813	1999.54041283664
1827	1999.53073973195
1829	1999.51784240462
1826	1999.50816951831
1821	1999.49527248216
1818	1999.48559981423
1823	1999.47592723989
1821	1999.46303061968
1837	1999.45335826371
1824	1999.44368600132
1811	1999.43078979704
1835	1999.42111775301
1824	1999.41144580256
1818	1999.39855001419
1818	1999.38887828208
1809	1999.37598278484
1808	1999.36631127107
1813	1999.35663985088
1795	1999.3437447695
1810	1999.33407356764
1817	1999.32440245934
1815	1999.31150779382
1819	1999.30183690384
1816	1999.29216610742
1815	1999.27927185773
1821	1999.26960127962
1822	1999.25670732101
1814	1999.24703696119
1802	1999.23736669494
1808	1999.22447315212
1814	1999.21480310416
1800	1999.20513314974
1803	1999.1922400227
1823	1999.18257028656
1805	1999.17290064397
1809	1999.16000793269
1804	1999.15033850837
1800	1999.14066917759
1813	1999.12777688205
1809	1999.11810776952
1813	1999.10521576499
1801	1999.09554687072
1813	1999.08587806998
1797	1999.07298648115
1808	1999.06331789865
1807	1999.05364940967
1808	1999.04075823653
1812	1999.03108996579
1808	1999.02142178857
1794	1999.00853103109
1801	1998.99886307209
1811	1998.98597260557
1810	1998.97630486478
1814	1998.96663721751
1811	1998.95374716661
1803	1998.94407973754
1792	1998.93441240198
1811	1998.9215227667
1802	1998.91185564933
1803	1998.90218862547
1793	1998.88929940577
1809	1998.87963260009
1796	1998.8667436713
1816	1998.85707708379
1791	1998.84741058978
1805	1998.83452207654
1796	1998.8248558007
1796	1998.81518961835
1801	1998.80230152064
1814	1998.79263555644
1806	1998.78296968573
1788	1998.77008200355
1799	1998.76041635098
1794	1998.7507507919
1799	1998.73786352521
1798	1998.72819818426
1814	1998.7153112084
1799	1998.70564608557
1802	1998.69598105622
1803	1998.68309449583
1810	1998.67342968459
1799	1998.66376496683
1802	1998.65087882188
1795	1998.64121432221
1809	1998.63154991602
1806	1998.61866418649
1803	1998.60899999839
1800	1998.59611455964
1799	1998.58645058962
1809	1998.57678671307
1795	1998.56390168971
1795	1998.55423803122
1798	1998.5445744662
1801	1998.53168985821
1799	1998.52202651124
1787	1998.51236325773
1794	1998.49947906509
1799	1998.48981602963
1798	1998.47693212772
1797	1998.4672693103
1799	1998.45760658634
1797	1998.44472309974
1805	1998.4350605938
1792	1998.42539818131
1797	1998.41251511
1797	1998.40285291553
1795	1998.3931908145
1804	1998.38030815846
1801	1998.37064627544
1802	1998.36098448585
1794	1998.34810224507
1799	1998.33844067349
1791	1998.32555872337
1793	1998.31589736978
1806	1998.30623610961
1802	1998.29335457471
1803	1998.28369353253
1809	1998.27403258377
1797	1998.26115146407
1801	1998.25149073328
1791	1998.24183009591
1800	1998.22894939139
1804	1998.21928897197
1804	1998.20640855807
1798	1998.19674835661
1801	1998.18708824857
1803	1998.1742082498
1811	1998.1645483597
1803	1998.154888563
1793	1998.14200897936
1799	1998.1323494006
1800	1998.12268991524
1808	1998.1098107467
1801	1998.10015147926
1800	1998.08727260128
1799	1998.07761355176
1805	1998.06795459563
1812	1998.05507613273
1805	1998.0454173945
1807	1998.03575874966
1806	1998.02288070181
1808	1998.01322227486
1805	1998.0035639413
1811	1997.99068630848
1810	1997.9810281928
1813	1997.9713701705
1811	1997.95849295269
1820	1997.94883514826
1814	1997.93595822094
1806	1997.92630063439
1808	1997.9166431412
1805	1997.90376662885
1816	1997.89410935352
1820	1997.88445217156
1823	1997.87157607417
1808	1997.86191911005
1811	1997.85226223929
1810	1997.83938655684
1814	1997.82972990392
1822	1997.81685451191
1824	1997.80719807682
1817	1997.79754173508
1823	1997.78466675797
1829	1997.77501063405
1817	1997.76535460347
1821	1997.75248004125
1816	1997.74282422848
1826	1997.73316850906
1827	1997.72029436169
1820	1997.71063886007
1819	1997.69776500309
1825	1997.68810971926
1828	1997.67845452876
1817	1997.66558108661
1823	1997.65592611389
1825	1997.6462712345
1827	1997.63339820716
1812	1997.62374354554
1823	1997.61408897725
1828	1997.6012163647
1819	1997.59156201416
1812	1997.58190775695
1835	1997.56903555916
1821	1997.5593815197
1831	1997.54650961224
1822	1997.53685579051
1825	1997.5272020621
1830	1997.51433056938
1830	1997.5046770587
1831	1997.49502364133
1829	1997.48215256332
1838	1997.47249936367
1836	1997.46284625732
1861	1997.449975594
1828	1997.44032270536
1820	1997.42745233232
1835	1997.41779966138
1821	1997.40814708375
1824	1997.39527712536
1833	1997.38562476541
1853	1997.37597249876
1839	1997.36310295501
1841	1997.35345090604
1834	1997.34379895036
1845	1997.33092982123
1836	1997.32127808321
1837	1997.30840924431
1829	1997.29875772395
1821	1997.28910629689
1830	1997.27623787256
1852	1997.26658666314
1832	1997.256935547
1842	1997.24406753725
1819	1997.23441663875
1843	1997.22476583352
1838	1997.21189823831
1833	1997.20224765071
1858	1997.19259715638
1835	1997.17972997569
1814	1997.17007969899
1827	1997.15721280845
1854	1997.14756274936
1841	1997.13791278352
1843	1997.12504630748
1852	1997.11539655925
1846	1997.10574690427
1816	1997.0928808427
1854	1997.08323140532
1837	1997.07358206119
1851	1997.06071641406
1855	1997.05106728751
1851	1997.0382019305
1836	1997.02855302152
1830	1997.01890420578
1831	1997.00603926318
1821	1996.99639066501
1832	1996.98674216008
1826	1996.97387763188
1832	1996.9642293445
1832	1996.95458115036
1816	1996.94171703653
1836	1996.93206905993
1823	1996.91920523615
1843	1996.90955747709
1839	1996.89990981125
1836	1996.88704640181
1845	1996.8773989535
1834	1996.86775159841
1827	1996.8548886033
1835	1996.84524146572
1840	1996.83559442136
1848	1996.82273184055
1840	1996.8130850137
1841	1996.80343828005
1840	1996.79057611353
1827	1996.78092959738
1834	1996.76806772084
1836	1996.75842142218
1827	1996.74877521672
1837	1996.73591375443
1821	1996.72626776644
1840	1996.71662187166
1829	1996.7037608236
1829	1996.69411514628
1851	1996.68446956217
1843	1996.67160892831
1826	1996.66196356164
1835	1996.64910321772
1815	1996.63945806851
1830	1996.62981301248
1841	1996.61695308273
1841	1996.60730824414
1838	1996.59766349873
1822	1996.58480398314
1836	1996.57515945516
1847	1996.56551502035
1838	1996.5526559189
1833	1996.54301170151
1827	1996.5333675773
1838	1996.52050888996
1840	1996.51086498315
1824	1996.49800658567
1833	1996.48836289627
1831	1996.47871930003
1841	1996.46586131663
1823	1996.45621793778
1829	1996.44657465209
1827	1996.43371708275
1819	1996.42407401444
1828	1996.41443103929
1825	1996.40157388399
1838	1996.3919311262
1835	1996.37907426073
1823	1996.3694317203
1840	1996.35978927302
1829	1996.34693282155
1826	1996.33729059162
1831	1996.32764845483
1818	1996.31479241735
1843	1996.3051504979
1840	1996.2955086716
1820	1996.28265304808
1831	1996.27301143911
1841	1996.26015610535
1841	1996.2505147137
1836	1996.24087341517
1845	1996.22801849535
1844	1996.21837741414
1847	1996.20873642606
1840	1996.19588192015
1829	1996.18624114937
1827	1996.17660047171
1818	1996.16374637969
1836	1996.15410591932
1842	1996.14446555208
1835	1996.13161187393
1819	1996.12197172396
1834	1996.10911833552
1819	1996.09947840282
1818	1996.08983856323
1824	1996.07698558863
1815	1996.0673459663
1843	1996.05770643708
1821	1996.04485387629
1828	1996.03521456433
1830	1996.02557534546
1843	1996.01272319848
1821	1996.00308419685
1811	1995.99023233951
1825	1995.98059355512
1827	1995.97095486382
1823	1995.95810342024
1818	1995.94846494617
1811	1995.93882656519
1820	1995.92597553536
1821	1995.91633737158
1830	1995.9066993009
1827	1995.89384868479
1810	1995.88421083131
1816	1995.8713605048
1824	1995.86172286851
1826	1995.8520853253
1808	1995.83923541248
1835	1995.82959808645
1826	1995.8199608535
1829	1995.80711135434
1823	1995.79747433856
1837	1995.78783741586
1810	1995.77498833036
1819	1995.76535162481
1825	1995.75571501233
1826	1995.74286634046
1820	1995.73322994513
1820	1995.72038156279
1832	1995.7107453846
1816	1995.70110929948
1818	1995.68826133073
1816	1995.67862546274
1822	1995.6689896878
1818	1995.65614213263
1820	1995.64650657482
1813	1995.63687111005
1803	1995.62402396844
1815	1995.61438872079
1815	1995.60154186865
1811	1995.59190683811
1804	1995.5822719006
1809	1995.56942546199
1810	1995.55979074158
1810	1995.5501561142
1799	1995.5373100891
1805	1995.52767567881
1816	1995.51804136155
1824	1995.50519574993
1811	1995.49556164974
1809	1995.48271632755
1809	1995.47308244443
1806	1995.46344865434
1809	1995.45060374559
1826	1995.44097017255
1823	1995.43133669254
1816	1995.41849219722
1832	1995.40885893425
1819	1995.3992257643
1809	1995.38638168239
1821	1995.37674872947
1811	1995.36711586957
1821	1995.35427220104
1808	1995.34463955816
1818	1995.331796179
1802	1995.32216375314
1810	1995.31253142028
1818	1995.29968845447
1807	1995.29005633862
1810	1995.28042431577
1814	1995.26758176329
1824	1995.25794995744
1823	1995.24831824458
1818	1995.23547610542
1824	1995.22584460955
1818	1995.2130027597
1818	1995.2033714808
1809	1995.19374029489
1820	1995.18089885832
1830	1995.17126788938
1819	1995.16163701342
1806	1995.14879599012
1814	1995.13916533112
1814	1995.1295347651
1827	1995.11669415503
1822	1995.10706380596
1812	1995.09422348515
1811	1995.08459335302
1824	1995.07496331385
1822	1995.06212340625
1821	1995.05249358402
1826	1995.04286385475
1824	1995.03002436034
1822	1995.02039484799
1820	1995.0107654286
1815	1994.99792634736
1826	1994.98829714488
1822	1994.97866803536
1835	1994.96582936726
1831	1994.95620047464
1823	1994.94336209574
1827	1994.93373342
1821	1994.92410483722
1823	1994.91126687143
1820	1994.90163850552
1816	1994.89201023257
1811	1994.87917267987
1816	1994.86954462378
1813	1994.85991666063
1821	1994.84707952101
1810	1994.83745177472
1814	1994.82461492424
1816	1994.8149873948
1810	1994.8053599583
1812	1994.79252352086
1817	1994.78289630119
1817	1994.77326917446
1832	1994.76043315004
1815	1994.75080624014
1819	1994.74117942316
1814	1994.72834381174
1803	1994.71871721158
1812	1994.70588188924
1812	1994.6962555059
1829	1994.68662921547
1811	1994.6737943061
1815	1994.66416823248
1814	1994.65454225177
1814	1994.64170775534
1822	1994.63208199142
1812	1994.62245632041
1814	1994.60962223692
1807	1994.59999678268
1817	1994.59037142136
1812	1994.57753775077
1813	1994.56791260621
1827	1994.55507922464
1803	1994.54545429685
1816	1994.53582946195
1822	1994.52299649326
1817	1994.51337187512
1819	1994.50374734986
1814	1994.49091479402
1808	1994.48129048551
1813	1994.47166626989
1812	1994.45883412688
1802	1994.44921012799
1811	1994.43637827395
1804	1994.42675449179
1810	1994.4171308025
1809	1994.40429936126
1805	1994.39467588869
1808	1994.385052509
1801	1994.37222148054
1802	1994.36259831754
1799	1994.35297524742
1808	1994.34014463172
1805	1994.33052177829
1803	1994.31769145151
1814	1994.30806881477
1804	1994.29844627089
1813	1994.28561635683
1817	1994.27599402963
1801	1994.26637179528
1804	1994.25354229393
1816	1994.24392027625
1809	1994.23429835143
1811	1994.22146926276
1811	1994.21184755459
1815	1994.20222593927
1809	1994.18939726327
1799	1994.17977586459
1814	1994.16694747745
1805	1994.15732629541
1804	1994.14770520621
1797	1994.13487723169
1808	1994.12525635912
1808	1994.11563557939
1809	1994.10280801749
1817	1994.09318745437
1811	1994.08356698408
1814	1994.07073983477
1797	1994.06111958109
1817	1994.04829272058
1797	1994.0386726835
1804	1994.02905273924
1805	1994.01622629129
1800	1994.00660656362
1810	1993.99698692878
1803	1993.98416089337
1815	1993.9745414751
1809	1993.96492214964
1800	1993.95209652675
1811	1993.94247741786
1815	1993.92965208372
1809	1993.92003319139
1796	1993.91041439187
1800	1993.89758947021
1803	1993.88797088724
1803	1993.87835239708
1811	1993.86552788789
1810	1993.85590961426
1803	1993.84629143343
1806	1993.83346733668
1809	1993.82384937239
1805	1993.81423150088
1803	1993.80140781656
1803	1993.79179016157
1804	1993.77896676593
1805	1993.76934932746
1810	1993.75973198177
1815	1993.74690899852
1808	1993.73729186934
1808	1993.72767483293
1809	1993.71485226206
1808	1993.70523544214
1807	1993.69561871501
1800	1993.68279655648
1806	1993.67318004583
1807	1993.66035817593
1808	1993.65074188175
1808	1993.64112568034
1799	1993.62830422276
1795	1993.61868823781
1803	1993.60907234563
1815	1993.59625130035
1797	1993.58663562461
1799	1993.57702004164
1797	1993.56419940864
1809	1993.55458404211
1806	1993.54176369769
1805	1993.5321485476
1807	1993.52253349025
1802	1993.50971355808
1819	1993.50009871716
1816	1993.49048396899
1808	1993.47766444904
1808	1993.46804991728
1807	1993.45843547827
1824	1993.44561637052
1802	1993.43600214791
1805	1993.42638801805
1803	1993.41356932248
1798	1993.40395540901
1796	1993.39113700196
1806	1993.38152330487
1810	1993.37190970051
1807	1993.35909170561
1804	1993.34947831763
1810	1993.33986502237
1794	1993.32704743961
1800	1993.31743436071
1799	1993.30782137454
1798	1993.29500420389
1794	1993.28539143407
1791	1993.27257455189
1803	1993.26296199842
1789	1993.25334953766
1793	1993.24053306755
1784	1993.23092082313
1790	1993.22130867143
1783	1993.20849261337
1786	1993.19888067799
1783	1993.18926883532
1788	1993.1764531893
1783	1993.16684156294
1783	1993.15402620534
1787	1993.14441479529
1788	1993.13480347794
1786	1993.12198853233
1783	1993.11237743128
1780	1993.10276642292
1785	1993.08995188931
1779	1993.08034109723
1786	1993.07073039785
1785	1993.0579162762
1785	1993.04830579309
1783	1993.03869540268
1787	1993.02588169297
1786	1993.01627151881
1782	1993.00345809745
1782	1992.99384813956
1784	1992.98423827434
1791	1992.97142526489
1784	1992.96181561592
1791	1992.95220605963
1786	1992.93939346207
1783	1992.92978412201
1784	1992.92017487463
1785	1992.90736268894
1781	1992.89775365778
1783	1992.88494176038
1791	1992.87533294545
1781	1992.86572422317
1788	1992.85291273761
1787	1992.84330423155
1786	1992.83369581814
1785	1992.8208847444
1783	1992.81127654719
1784	1992.80166844263
1786	1992.78885778068
1787	1992.77924989232
1785	1992.76643951862
1787	1992.75683184643
1783	1992.74722426689
1783	1992.73441430495
1788	1992.72480694159
1790	1992.71519967086
1788	1992.70239012066
1783	1992.6927830661
1784	1992.68317610417
1788	1992.67036696569
1780	1992.66076021991
1787	1992.65115356677
1780	1992.63834484
1783	1992.62873840299
1784	1992.6159299644
1784	1992.60632374353
1783	1992.59671761528
1787	1992.58390958836
1790	1992.57430367623
1790	1992.56469785672
1784	1992.55189024145
1782	1992.54228463806
1782	1992.53267912728
1783	1992.51987192364
1789	1992.51026662896
1783	1992.49745971345
1777	1992.48785463486
1786	1992.47824964888
1784	1992.46544314497
1790	1992.45583837507
1787	1992.44623369778
1785	1992.43342760545
1787	1992.42382314423
1781	1992.41421877561
1791	1992.40141309483
1789	1992.39180894227
1781	1992.37900354957
1792	1992.36939961307
1788	1992.35979576916
1785	1992.34699078798
1784	1992.33738716011
1782	1992.32778362484
1787	1992.31497905516
1790	1992.30537573592
1784	1992.29577250926
1786	1992.28296835106
1785	1992.27336534043
1781	1992.26376242237
1789	1992.25095867564
